$ANSIBLE_VAULT;1.1;AES256
64383163363264663831623833393264313163323035313066323165376130343163366363373062
3837316335643736363931376634363336373337356634610a616332333166393134626665393336
66353936366565633961663464613963303232663366316238393039386530616434383531383766
3636326361643737630a313538623433353734353961613738663361623634663066643336333965
30353566613834323363613031633666613062383464393637666665303937326539326337393632
39656566303164313831613264633833623362303535653461643166326361643964363632633936
66366435333066646365333037366538306265626636366634626331313639616163343438363230
38326637376263653937616239363138343730343565653836646534353534323236616264633338
37343836656538373631383862373937666662313364386564306461663238313532376264376332
39323035323164623935363566616134306637396161663436373239343433636134353964616636
35383736626661306435323434616364656630393430343364303830663539323761363962343735
39393161633131393332613164616438653731396361646535633135363938393035303631623339
36303339653061363236333630313933373935613463363431623438343439376564386161383361
64336366613830343165616161343864646632643161396139393636613061393331336232306261
61393561393637353461633230393135303931646332306239373934656336396630663337306334
38323136613531366666313561373337316165383633376236373639656233656637336239316665
36303131353830346132613563346330393262626265306662313437346339363135626237616266
62646264633333373233336136323933383236633862373130623632663330376363343535303665
36313739646136386338626139376438623233386265373535633633303665346465353439613961
30623066336531613231613562646337663830353532396562633236663463343065353866666635
35666231613437323435323431373066353562363266396334626465366533633361303139663763
30396465313536616161616230373239663263626536313361346263323237393139383338663134
64366265343633343139383961386137653131666231633039663136353233643934306266396165
65356362653636613563343334393732326631356539383731633130376261393162666363363661
62386138333264366562613531653230363633666333613331363863643762303236623965663931
32383664373036666637313734616638353765653935373666303238366436393032626266633235
66633230386438346138326235656564373866303631343331306133663234326164623865363965
32363437373563643664613938323834386661313436306136393535636463623731646430623632
36643133393132656665353430373636366139313761383564616138616564373739653663336338
62666262313234306564613461303337356233613630643062613334306266636637316135386337
61343666663536653836353861386261343364393037333731383461316465346365373163373663
31616432303438653431396437373462653033343439346662653635653064303532333465626263
66623764306132396135346264306233336265663865323436373266623533646363373864326638
39373462316134626464393364323161643435333339633965666263636664333161363233383030
66316233636664643335663634656638363664313436323764306364306366343932646336353562
65623331336634363234393065333833386631383665656337393036616335383531363161633834
38313833366462373738356365343632313234326231626262393535366535653165343266343034
65346363316234633961353138353164333233613065343565626164366233656631353636376531
30613638613565646437336338326362616564643633636565633539663363626331656134333638
65346264623035613538633861653666656364396239386434653164666163363735643765306432
63303264616139313865616436313832396633633635616266316633396635326532613961613237
38653932333636343930343638653435323836616438666561353161653463356332653139323662
61346564393563666339646165656239366635656161666530373233353039326363323638326132
34373431356461613162646338386535306636343533623234633436323133633731636135653562
31643638343036313037646564313337623035386134663031373536313264373238
