$ANSIBLE_VAULT;1.1;AES256
66353431616231303131663638366338383861663862316135653464663839363062373138633231
3931323232353137353138613336393836366466323962310a643763373338303264616365333262
62313961396631653561323661373864636365633631633031363035376433663430653133623234
6464343261376164390a363536303535303432666233313463626231333131633434633065303836
31343339333130306634333030383465353334636139626162306264363734353235653631366264
61623163663962646634626330323161623962633636643439313237316238636539336565373738
30336466303336313737653962316162303837633635346361366132366365396430373536633163
64383034346662363437383138663038396263363033363265393539353337356231376437386131
37653139373732653163326636633861623536653135353738636365646530373138383862656432
35316237343133626534666265656263393361346466353735316530633366396137353663626431
38643063626363643536373063346665613833666234636339663535333263646437646565663630
39643433646664353465383463616437646466626562663364646366373038613262373764633331
37313761336230366366316230646666316234363862643237383936316636356237373034366134
3138393333363761383665386262363763653930343239343739
